time: 03:07:57.625991 count:5 size: 2M load: 2.65 1.68 1.47 8/687 79421

time: 03:08:06.434414 count:5 size: 2M load: 2.59 1.68 1.48 3/676 79844

time: 03:08:11.557936 count:5 size: 2M load: 2.81 1.76 1.50 4/682 80015

time: 03:08:21.902797 count:5 size: 2M load: 3.07 1.85 1.54 8/677 80401

